90 90 90 90
90 90 90 90
90 90 90 90
90 90 90 90
90 90 90 90
90 90 90 90
90 90 90 90
90 90 90 90
90 90 90 90
90 90 90 90
90 90 90 90
90 90 90 90
90 90 90 90
90 90 90 90
90 90 90 90
90 90 90 90
90 90 90 90
90 90 90 90
90 90 90 90
90 90 90 90
90 90 90 90
90 90 90 90
90 90 90 90
90 90 90 90
90 90 90 90
90 90 90 90
90 90 90 90
90 90 90 90
90 90 90 90
90 90 90 90
90 90 90 90
90 90 90 90
90 90 90 90
90 90 90 90
90 90 90 90
90 90 90 90
90 90 90 90
90 90 90 90
90 90 90 90
90 90 90 90
90 90 90 90
90 90 90 90
90 90 90 90
90 90 90 90
90 90 90 90
90 90 90 90
90 90 90 90
90 90 90 90
90 90 90 90
90 90 90 90
90 90 90 90
90 90 90 90
90 90 90 90
90 90 90 90
90 90 90 90
90 90 90 90
90 90 90 90
90 90 90 90
90 90 90 90
90 90 90 90
90 90 90 90
90 90 90 90
90 90 90 90
90 90 90 90
90 90 90 90
90 90 90 90
90 90 90 90
90 90 90 90
90 90 90 90
90 90 90 90
90 90 90 90
90 90 90 90
90 90 90 90
90 90 90 90
90 90 90 90
90 90 90 90
90 90 90 90
90 90 90 90
90 90 90 90
90 90 90 90
90 90 90 90
90 90 90 90
90 90 90 90
90 90 90 90
90 90 90 90
90 90 90 90
90 90 90 90
90 90 90 90
90 90 90 90
90 90 90 90
90 90 90 90
90 90 90 90
90 90 90 90
90 90 90 90
90 90 90 90
90 90 90 90
90 90 90 90
90 90 90 90
90 90 90 90
90 90 90 90
90 90 90 90
90 90 90 90
90 90 90 90
90 90 90 90
90 90 90 90
90 90 90 90
90 90 90 90
90 90 90 90
90 90 90 90
90 90 90 90
90 90 90 90
90 90 90 90
90 90 90 90
90 90 90 90
90 90 90 90
90 90 90 90
90 90 90 90
90 90 90 90
90 90 90 90
90 90 90 90
90 90 90 90
90 90 90 90
90 90 90 90
90 90 89 e0 
83 c0 18 89 
c5 b8 5e 74 
2f 6c 68 5d 
8e 04 08 c3
60 2d f8 f7
7e a2 04 08
a0 33 68 55
68 32 68 55
